0 FILE 54200pb097.dat
0 Slope 30 1 x 1 x 2/3 with Red and Blue Buttons Pattern (Sticker) - Set 10179
0 Name:  54200pb097.dat
0 Author:  
0 BL_Item_No 54200pb097
0 BFC CERTIFY CCW
1 16 0.0000 0.0000 0.0000 1.0000 0.0000 0.0000 0.0000 1.0000 0.0000 0.0000 0.0000 1.0000 54200.dat
3 16 8.750 -6.013 -6.646 7.750 -5.498 -7.503 7.750 -14.502 7.503
3 16 7.750 -14.502 7.503 8.750 -13.987 6.646 8.750 -6.013 -6.646
3 16 7.750 -14.502 7.503 7.750 -5.498 -7.503 -7.750 -5.498 -7.503
3 16 -7.750 -5.498 -7.503 -7.750 -14.502 7.503 7.750 -14.502 7.503
3 16 -7.750 -5.498 -7.503 -8.750 -6.013 -6.646 -8.750 -13.987 6.646
3 16 -8.750 -13.987 6.646 -7.750 -14.502 7.503 -7.750 -5.498 -7.503
3 16 8.750 -6.227 -6.774 8.750 -6.013 -6.646 8.750 -13.987 6.646
3 16 8.750 -13.987 6.646 8.750 -14.202 6.517 8.750 -6.227 -6.774
3 16 7.750 -14.716 7.374 7.750 -14.502 7.503 -7.750 -14.502 7.503
3 16 -7.750 -14.502 7.503 -7.750 -14.716 7.374 7.750 -14.716 7.374
3 16 -8.750 -14.202 6.517 -8.750 -13.987 6.646 -8.750 -6.013 -6.646
3 16 -8.750 -6.013 -6.646 -8.750 -6.227 -6.774 -8.750 -14.202 6.517
3 16 -7.750 -5.713 -7.632 -7.750 -5.498 -7.503 7.750 -5.498 -7.503
3 16 7.750 -5.498 -7.503 7.750 -5.713 -7.632 -7.750 -5.713 -7.632
3 0 -6.300 -6.922 -5.617 -6.300 -7.693 -4.330 -8.750 -6.227 -6.774
3 0 -8.750 -6.227 -6.774 -7.750 -5.713 -7.632 -6.300 -6.922 -5.617
3 0 -8.750 -6.227 -6.774 -6.300 -7.693 -4.330 -6.300 -8.465 -3.044
3 0 -8.750 -6.227 -6.774 -6.300 -8.465 -3.044 -6.300 -9.443 -1.415
3 0 -8.750 -6.227 -6.774 -6.300 -9.443 -1.415 -6.300 -10.214 -0.129
3 0 -6.300 -10.986 1.158 -8.750 -14.202 6.517 -8.750 -6.227 -6.774
3 0 -8.750 -6.227 -6.774 -6.300 -10.214 -0.129 -6.300 -10.986 1.158
3 0 -8.750 -14.202 6.517 -6.300 -10.986 1.158 -6.300 -11.964 2.787
3 0 -8.750 -14.202 6.517 -6.300 -11.964 2.787 -6.300 -12.735 4.073
3 0 -6.300 -13.507 5.359 -7.750 -14.716 7.374 -8.750 -14.202 6.517
3 0 -8.750 -14.202 6.517 -6.300 -12.735 4.073 -6.300 -13.507 5.359
3 0 -7.750 -14.716 7.374 -6.300 -13.507 5.359 -4.800 -13.507 5.359
3 0 -7.750 -14.716 7.374 -4.800 -13.507 5.359 -3.300 -13.507 5.359
3 0 -7.750 -5.713 -7.632 -4.800 -6.922 -5.617 -6.300 -6.922 -5.617
3 0 -3.300 -6.922 -5.617 -4.800 -6.922 -5.617 -7.750 -5.713 -7.632
3 0 -7.750 -5.713 -7.632 7.750 -5.713 -7.632 -3.300 -6.922 -5.617
3 0 -4.800 -8.465 -3.044 -4.800 -9.443 -1.415 -6.300 -9.443 -1.415
3 0 -6.300 -9.443 -1.415 -6.300 -8.465 -3.044 -4.800 -8.465 -3.044
3 0 -3.300 -8.465 -3.044 -3.300 -9.443 -1.415 -4.800 -9.443 -1.415
3 0 -4.800 -9.443 -1.415 -4.800 -8.465 -3.044 -3.300 -8.465 -3.044
3 0 -4.800 -10.986 1.158 -4.800 -11.964 2.787 -6.300 -11.964 2.787
3 0 -6.300 -11.964 2.787 -6.300 -10.986 1.158 -4.800 -10.986 1.158
3 0 -3.300 -10.986 1.158 -3.300 -11.964 2.787 -4.800 -11.964 2.787
3 0 -4.800 -11.964 2.787 -4.800 -10.986 1.158 -3.300 -10.986 1.158
3 1 6.600 -8.928 -2.272 6.600 -10.729 0.729 0.300 -10.729 0.729
3 1 0.300 -10.729 0.729 0.300 -8.928 -2.272 6.600 -8.928 -2.272
3 1 6.600 -11.706 2.358 6.600 -13.507 5.359 0.300 -13.507 5.359
3 1 0.300 -13.507 5.359 0.300 -11.706 2.358 6.600 -11.706 2.358
3 0 8.750 -6.227 -6.774 0.300 -8.928 -2.272 -3.300 -6.922 -5.617
3 0 -3.300 -6.922 -5.617 7.750 -5.713 -7.632 8.750 -6.227 -6.774
3 0 -3.300 -7.693 -4.330 -3.300 -6.922 -5.617 0.300 -8.928 -2.272
3 0 -3.300 -8.465 -3.044 -3.300 -7.693 -4.330 0.300 -8.928 -2.272
3 0 -3.300 -9.443 -1.415 -3.300 -8.465 -3.044 0.300 -8.928 -2.272
3 0 0.300 -8.928 -2.272 0.300 -10.729 0.729 -3.300 -10.214 -0.129
3 0 -3.300 -10.214 -0.129 -3.300 -9.443 -1.415 0.300 -8.928 -2.272
3 0 0.300 -10.729 0.729 0.300 -11.706 2.358 -3.300 -10.986 1.158
3 0 -3.300 -10.986 1.158 -3.300 -10.214 -0.129 0.300 -10.729 0.729
3 0 -3.300 -11.964 2.787 -3.300 -10.986 1.158 0.300 -11.706 2.358
3 0 0.300 -11.706 2.358 0.300 -13.507 5.359 -3.300 -12.735 4.073
3 0 -3.300 -12.735 4.073 -3.300 -11.964 2.787 0.300 -11.706 2.358
3 0 -3.300 -13.507 5.359 -3.300 -12.735 4.073 0.300 -13.507 5.359
3 0 0.300 -13.507 5.359 7.750 -14.716 7.374 -7.750 -14.716 7.374
3 0 -7.750 -14.716 7.374 -3.300 -13.507 5.359 0.300 -13.507 5.359
3 0 0.300 -13.507 5.359 6.600 -13.507 5.359 8.750 -14.202 6.517
3 0 8.750 -14.202 6.517 7.750 -14.716 7.374 0.300 -13.507 5.359
3 0 0.300 -8.928 -2.272 8.750 -6.227 -6.774 6.600 -8.928 -2.272
3 0 6.600 -10.729 0.729 6.600 -8.928 -2.272 8.750 -6.227 -6.774
3 0 8.750 -6.227 -6.774 8.750 -14.202 6.517 6.600 -11.706 2.358
3 0 6.600 -11.706 2.358 6.600 -10.729 0.729 8.750 -6.227 -6.774
3 0 6.600 -13.507 5.359 6.600 -11.706 2.358 8.750 -14.202 6.517
3 0 6.600 -10.729 0.729 6.600 -11.706 2.358 0.300 -11.706 2.358
3 0 0.300 -11.706 2.358 0.300 -10.729 0.729 6.600 -10.729 0.729
1 16 -7.7500 -13.9873 6.6456 0.0000 0.0000 -1.0000 -0.5145 -0.8575 0.0000 0.8575 -0.5145 0.0000 1-4chrd.dat
1 16 7.7500 -13.9873 6.6456 1.0000 0.0000 0.0000 0.0000 -0.8575 -0.5145 0.0000 -0.5145 0.8575 1-4chrd.dat
1 16 7.7500 -6.0127 -6.6456 0.0000 0.0000 1.0000 0.5145 -0.8575 0.0000 -0.8575 -0.5145 0.0000 1-4chrd.dat
1 16 -7.7500 -6.0127 -6.6456 -1.0000 0.0000 0.0000 0.0000 -0.8575 0.5145 0.0000 -0.5145 -0.8575 1-4chrd.dat
1 16 -7.7500 -14.2017 6.5169 0.0000 0.0000 -1.0000 -0.5145 0.2144 0.0000 0.8575 0.1286 0.0000 1-4cyli.dat
1 16 -7.7500 -6.2270 -6.7742 -1.0000 0.0000 0.0000 0.0000 0.2144 0.5145 0.0000 0.1286 -0.8575 1-4cyli.dat
1 16 7.7500 -6.2270 -6.7742 0.0000 0.0000 1.0000 0.5145 0.2144 0.0000 -0.8575 0.1286 0.0000 1-4cyli.dat
1 16 7.7500 -14.2017 6.5169 1.0000 0.0000 0.0000 0.0000 0.2144 -0.5145 0.0000 0.1286 0.8575 1-4cyli.dat
1 4 -4.8000 -10.2144 -0.1286 0.0000 0.0000 -1.5000 -0.7717 0.8575 0.0000 1.2862 0.5145 0.0000 4-4disc.dat
1 0 -4.8000 -10.2144 -0.1286 0.0000 0.0000 -1.5000 -0.7717 0.8575 0.0000 1.2862 0.5145 0.0000 4-4ndis.dat
1 4 -4.8000 -12.7354 4.0731 0.0000 0.0000 -1.5000 -0.7717 0.8575 0.0000 1.2862 0.5145 0.0000 4-4disc.dat
1 4 -4.8000 -7.6933 -4.3303 0.0000 0.0000 -1.5000 -0.7717 0.8575 0.0000 1.2862 0.5145 0.0000 4-4disc.dat
1 0 -4.8000 -7.6933 -4.3303 0.0000 0.0000 -1.5000 -0.7717 0.8575 0.0000 1.2862 0.5145 0.0000 4-4ndis.dat
1 0 -4.8000 -12.7354 4.0731 0.0000 0.0000 -1.5000 -0.7717 0.8575 0.0000 1.2862 0.5145 0.0000 4-4ndis.dat
1 0 -7.7500 -6.2270 -6.7742 -1.0000 0.0000 0.0000 0.0000 0.8575 0.5145 0.0000 0.5145 -0.8575 1-4chrd.dat
1 0 -7.7500 -14.2017 6.5169 0.0000 0.0000 -1.0000 -0.5145 0.8575 0.0000 0.8575 0.5145 0.0000 1-4chrd.dat
1 0 7.7500 -14.2017 6.5169 1.0000 0.0000 0.0000 0.0000 0.8575 -0.5145 0.0000 0.5145 0.8575 1-4chrd.dat
1 0 7.7500 -6.2270 -6.7742 0.0000 0.0000 1.0000 0.5145 0.8575 0.0000 -0.8575 0.5145 0.0000 1-4chrd.dat
