0 FILE 72206p01.dat
0 Wheel 24 x 12 with Pin Hole with Fixed Black Rubber Tire
0 Name:  72206p01.dat
0 Author:  
0 BL_Item_No 72206c01
0 BFC CERTIFY CCW
3 16 4.392 -22.017 14.000 3.696 -20.969 14.000 2.464 -21.480 14.000
3 16 2.464 -21.480 14.000 3.467 -23.314 14.000 4.392 -22.017 14.000
3 16 4.392 -22.017 14.000 3.467 -23.314 14.000 4.168 -23.831 14.000
3 16 4.168 -23.831 14.000 5.823 -21.733 14.000 4.392 -22.017 14.000
3 16 5.823 -21.733 14.000 4.168 -23.831 14.000 6.211 -23.182 14.000
3 16 5.069 -24.148 14.000 6.471 -24.148 14.000 6.211 -23.182 14.000
3 16 6.211 -23.182 14.000 4.168 -23.831 14.000 5.069 -24.148 14.000
3 16 -4.392 -22.017 14.000 -3.467 -23.314 14.000 -2.464 -21.480 14.000
3 16 -2.464 -21.480 14.000 -3.696 -20.969 14.000 -4.392 -22.017 14.000
3 16 -4.392 -22.017 14.000 -5.823 -21.733 14.000 -4.168 -23.831 14.000
3 16 -4.168 -23.831 14.000 -3.467 -23.314 14.000 -4.392 -22.017 14.000
3 16 -4.168 -23.831 14.000 -5.823 -21.733 14.000 -6.211 -23.182 14.000
3 16 -5.069 -24.148 14.000 -4.168 -23.831 14.000 -6.211 -23.182 14.000
3 16 -6.211 -23.182 14.000 -6.471 -24.148 14.000 -5.069 -24.148 14.000
2 24 7.104 -5.256 6.500 8.218 -3.590 6.500
2 24 8.218 -3.590 -1.500 8.218 -3.590 6.500
2 24 7.104 -5.256 6.500 7.104 -5.256 -1.500
2 24 -7.104 -5.256 6.500 -8.218 -3.590 6.500
2 24 -8.218 -3.590 -1.500 -8.218 -3.590 6.500
2 24 -7.104 -5.256 6.500 -7.104 -5.256 -1.500
2 24 1.000 8.801 6.500 0.000 9.000 6.500
2 24 1.000 8.801 -1.500 1.000 8.801 6.500
2 24 0.000 9.000 6.500 -1.000 8.801 6.500
2 24 -1.000 8.801 6.500 -1.000 8.801 -1.500
1 16 0.0000 0.0000 6.0000 1.0000 0.0000 0.0000 0.0000 0.0000 1.0000 0.0000 -1.0000 0.0000 connhol3.dat
1 16 0.0000 0.0000 -2.0000 6.0000 0.0000 0.0000 0.0000 0.0000 6.0000 0.0000 1.0000 0.0000 4-4edge.dat
1 16 0.0000 0.0000 -2.0000 1.5000 0.0000 0.0000 0.0000 0.0000 1.5000 0.0000 1.0000 0.0000 4-4ring4.dat
0 BFC INVERTNEXT
1 16 0.0000 0.0000 -6.0000 7.5000 0.0000 0.0000 0.0000 0.0000 7.5000 0.0000 4.0000 0.0000 4-4cylo.dat
1 16 0.0000 0.0000 -6.0000 0.5000 0.0000 0.0000 0.0000 0.0000 0.5000 0.0000 1.0000 0.0000 4-4rin15.dat
0 BFC INVERTNEXT
1 16 0.0000 0.0000 -10.0000 8.0000 0.0000 0.0000 0.0000 0.0000 8.0000 0.0000 4.0000 0.0000 4-4cylo.dat
1 16 0.0000 0.0000 -10.0000 2.0000 0.0000 0.0000 0.0000 0.0000 2.0000 0.0000 1.0000 0.0000 4-4ring4.dat
1 16 0.0000 0.0000 -10.0000 10.0000 0.0000 0.0000 0.0000 0.0000 10.0000 0.0000 4.0000 0.0000 4-4cylo.dat
1 16 0.0000 0.0000 16.0000 9.0000 0.0000 0.0000 0.0000 0.0000 9.0000 0.0000 -17.5000 0.0000 4-4cylo.dat
0 BFC INVERTNEXT
1 16 0.0000 0.0000 14.0000 22.5000 0.0000 0.0000 0.0000 0.0000 22.5000 0.0000 -15.0000 0.0000 2-4cylo.dat
0 BFC INVERTNEXT
1 16 0.0000 0.0000 14.0000 22.5000 0.0000 0.0000 0.0000 0.0000 -22.5000 0.0000 -15.0000 0.0000 5-24cylo.dat
0 BFC INVERTNEXT
1 16 0.0000 0.0000 14.0000 -22.5000 0.0000 0.0000 0.0000 0.0000 -22.5000 0.0000 -15.0000 0.0000 5-24cylo.dat
1 16 0.0000 -22.5000 14.0000 0.0000 0.0000 -4.0000 4.0000 0.0000 0.0000 0.0000 -15.0000 0.0000 3-16cylo.dat
1 16 0.0000 -22.5000 14.0000 0.0000 0.0000 4.0000 4.0000 0.0000 0.0000 0.0000 -15.0000 0.0000 3-16cylo.dat
1 16 0.0000 -22.5000 14.0000 0.0000 0.0000 -1.3333 1.3333 0.0000 0.0000 0.0000 -1.0000 0.0000 3-16rin2.dat
1 16 0.0000 -22.5000 14.0000 0.0000 0.0000 1.3333 1.3333 0.0000 0.0000 0.0000 -1.0000 0.0000 3-16rin2.dat
1 16 5.1075 -21.8750 6.5000 0.0000 0.0000 -0.7200 0.0000 -1.0000 -0.1400 -7.5000 0.0000 0.0000 rect3.dat
1 16 4.0438 -21.4932 6.5000 0.3487 -0.9957 0.0000 -0.5247 -0.0013 0.0000 0.0000 0.0000 -7.5000 rect2p.dat
1 16 -5.1075 -21.8750 6.5000 0.0000 0.0000 0.7200 0.0000 -1.0000 -0.1400 7.5000 0.0000 0.0000 rect3.dat
1 16 -4.0438 -21.4932 6.5000 0.3487 0.9957 0.0000 0.5247 -0.0013 0.0000 0.0000 0.0000 -7.5000 rect2p.dat
1 16 0.0000 0.0000 -1.5000 3.0000 0.0000 0.0000 0.0000 0.0000 3.0000 0.0000 -1.0000 0.0000 4-4ring3.dat
1 16 0.0000 0.0000 -1.5000 12.0000 0.0000 0.0000 0.0000 0.0000 12.0000 0.0000 1.0000 0.0000 4-4edge.dat
0 BFC INVERTNEXT
1 16 0.0000 0.0000 -1.0000 3.0000 0.0000 0.0000 0.0000 0.0000 3.0000 0.0000 -0.5000 0.0000 4-4con4.dat
1 16 0.0000 0.0000 -1.0000 15.0000 0.0000 0.0000 0.0000 0.0000 15.0000 0.0000 1.0000 0.0000 4-4edge.dat
1 16 0.0000 0.0000 -1.0000 7.5000 0.0000 0.0000 0.0000 0.0000 7.5000 0.0000 -1.0000 0.0000 4-4ring2.dat
1 16 0.0000 0.0000 -1.0000 22.5000 0.0000 0.0000 0.0000 0.0000 22.5000 0.0000 -1.0000 0.0000 4-4aring.dat
1 16 0.0000 0.0000 14.0000 1.5000 0.0000 0.0000 0.0000 0.0000 -1.5000 0.0000 -1.0000 0.0000 5-24ring15.dat
1 16 0.0000 0.0000 14.0000 -1.5000 0.0000 0.0000 0.0000 0.0000 -1.5000 0.0000 -1.0000 0.0000 5-24ring15.dat
1 16 0.0000 0.0000 14.0000 1.5000 0.0000 0.0000 0.0000 0.0000 1.5000 0.0000 -1.0000 0.0000 1-4rin15.dat
1 16 0.0000 0.0000 14.0000 -1.5000 0.0000 0.0000 0.0000 0.0000 1.5000 0.0000 -1.0000 0.0000 1-4rin15.dat
1 16 0.0000 0.0000 14.0000 1.0000 0.0000 0.0000 0.0000 0.0000 -1.0000 0.0000 -1.0000 0.0000 5-24ring24.dat
1 16 0.0000 0.0000 14.0000 -1.0000 0.0000 0.0000 0.0000 0.0000 -1.0000 0.0000 -1.0000 0.0000 5-24ring24.dat
1 16 0.0000 0.0000 14.0000 1.0000 0.0000 0.0000 0.0000 0.0000 1.0000 0.0000 -1.0000 0.0000 1-4rin24.dat
1 16 0.0000 0.0000 14.0000 -1.0000 0.0000 0.0000 0.0000 0.0000 1.0000 0.0000 -1.0000 0.0000 1-4rin24.dat
3 16 -1.000 -18.500 -6.000 1.000 -18.500 -6.000 2.493 -18.936 -6.000
3 16 2.493 -18.936 -6.000 0.000 -19.100 -6.000 -1.000 -18.500 -6.000
3 16 2.493 -18.936 -6.000 1.000 -18.500 -6.000 7.310 -17.647 -6.000
3 16 7.310 -17.647 -6.000 4.943 -18.449 -6.000 2.493 -18.936 -6.000
3 16 1.000 -18.500 -6.000 11.126 -14.815 -6.000 9.550 -16.541 -6.000
3 16 9.550 -16.541 -6.000 7.310 -17.647 -6.000 1.000 -18.500 -6.000
3 16 9.550 -16.541 -6.000 11.126 -14.815 -6.000 12.658 -13.529 -6.000
3 16 12.658 -13.529 -6.000 11.628 -15.154 -6.000 9.550 -16.541 -6.000
3 16 11.628 -15.154 -6.000 12.658 -13.529 -6.000 15.154 -11.628 -6.000
3 16 15.154 -11.628 -6.000 13.506 -13.506 -6.000 11.628 -15.154 -6.000
3 16 15.154 -11.628 -6.000 12.658 -13.529 -6.000 18.045 -4.197 -6.000
3 16 18.045 -4.197 -6.000 16.541 -9.550 -6.000 15.154 -11.628 -6.000
3 16 16.541 -9.550 -6.000 18.045 -4.197 -6.000 18.449 -4.943 -6.000
3 16 18.449 -4.943 -6.000 17.647 -7.310 -6.000 16.541 -9.550 -6.000
3 16 18.045 -4.197 -6.000 18.393 -2.228 -6.000 18.936 -2.493 -6.000
3 16 18.936 -2.493 -6.000 18.449 -4.943 -6.000 18.045 -4.197 -6.000
3 16 18.936 -2.493 -6.000 18.393 -2.228 -6.000 18.936 2.493 -6.000
3 16 18.936 2.493 -6.000 19.100 0.000 -6.000 18.936 -2.493 -6.000
3 16 18.393 -2.228 -6.000 16.522 8.384 -6.000 18.449 4.943 -6.000
3 16 18.449 4.943 -6.000 18.936 2.493 -6.000 18.393 -2.228 -6.000
3 16 18.449 4.943 -6.000 16.522 8.384 -6.000 16.541 9.550 -6.000
3 16 16.541 9.550 -6.000 17.647 7.310 -6.000 18.449 4.943 -6.000
2 24 19.485 -11.250 6.500 19.929 -10.351 6.500
2 24 19.929 -10.351 6.500 19.929 -10.351 -1.000
2 24 19.485 -11.250 6.500 18.929 -12.083 6.500
2 24 18.929 -12.083 6.500 18.929 -12.083 -1.000
2 24 9.658 -6.731 -1.500 7.034 -5.216 -1.500
2 24 10.772 -5.064 -1.500 8.034 -3.484 -1.500
2 24 13.325 -6.539 -1.000 10.772 -5.064 -1.500
2 24 12.212 -8.205 -1.000 9.658 -6.731 -1.500
2 24 19.929 -10.351 -1.000 13.325 -6.539 -1.000
2 24 18.929 -12.083 -1.000 12.212 -8.205 -1.000
3 16 -4.716 -11.619 -6.000 -2.163 -13.464 -6.000 -4.109 -13.003 -6.000
3 16 -1.000 -16.500 -6.000 -1.000 -18.500 -6.000 -4.571 -14.949 -6.000
3 16 -4.571 -14.949 -6.000 -2.625 -15.410 -6.000 -1.000 -16.500 -6.000
3 16 -1.000 -16.500 -6.000 -2.625 -15.410 -6.000 -2.163 -13.464 -6.000
3 16 -4.716 -11.619 -6.000 -4.109 -13.003 -6.000 -4.571 -14.949 -6.000
3 16 -4.571 -14.949 -6.000 -6.504 -10.722 -6.000 -4.716 -11.619 -6.000
3 16 2.546 -9.307 -6.000 -3.819 -9.832 -6.000 -5.606 -8.934 -6.000
3 16 -5.606 -8.934 -6.000 -4.032 -8.766 -6.000 2.546 -9.307 -6.000
3 16 1.910 -12.394 -6.000 -2.163 -13.464 -6.000 -4.716 -11.619 -6.000
3 16 -4.716 -11.619 -6.000 1.448 -10.448 -6.000 1.910 -12.394 -6.000
3 16 1.910 -12.394 -6.000 1.000 -16.500 -6.000 -1.000 -16.500 -6.000
3 16 -1.000 -16.500 -6.000 -2.163 -13.464 -6.000 1.910 -12.394 -6.000
3 16 1.910 -12.394 -6.000 6.108 -14.390 -6.000 1.000 -16.500 -6.000
3 16 6.108 -14.390 -6.000 11.126 -14.815 -6.000 1.000 -18.500 -6.000
3 16 1.000 -18.500 -6.000 1.000 -16.500 -6.000 6.108 -14.390 -6.000
3 16 -3.819 -9.832 -6.000 2.546 -9.307 -6.000 1.448 -10.448 -6.000
3 16 1.448 -10.448 -6.000 -4.716 -11.619 -6.000 -3.819 -9.832 -6.000
1 16 0.0000 -17.5000 -6.0000 0.0000 0.0000 -1.0000 1.0000 0.0000 0.0000 0.0000 1.0000 0.0000 4-4edge.dat
0 BFC INVERTNEXT
1 16 0.0000 -17.5000 -6.0000 0.0000 0.0000 -1.0000 1.0000 0.0000 0.0000 0.0000 0.5000 0.0000 4-4con0.dat
1 16 0.0000 -17.5000 -6.0000 0.0000 0.0000 -1.0000 1.0000 0.0000 0.0000 0.0000 1.0000 0.0000 4-4ndis.dat
1 16 -3.3670 -14.2065 -6.0000 0.2306 0.0000 -0.9731 0.9731 0.0000 0.2306 0.0000 1.0000 0.0000 4-4edge.dat
0 BFC INVERTNEXT
1 16 -3.3670 -14.2065 -6.0000 0.2306 0.0000 -0.9731 0.9731 0.0000 0.2306 0.0000 0.5000 0.0000 4-4con0.dat
1 16 -3.3670 -14.2065 -6.0000 0.2306 0.0000 -0.9731 0.9731 0.0000 0.2306 0.0000 1.0000 0.0000 4-4ndis.dat
1 16 -5.1612 -10.2768 -6.0000 0.4488 0.0000 -0.8936 0.8936 0.0000 0.4488 0.0000 1.0000 0.0000 4-4edge.dat
0 BFC INVERTNEXT
1 16 -5.1612 -10.2768 -6.0000 0.4488 0.0000 -0.8936 0.8936 0.0000 0.4488 0.0000 0.5000 0.0000 4-4con0.dat
1 16 -5.1612 -10.2768 -6.0000 0.4488 0.0000 -0.8936 0.8936 0.0000 0.4488 0.0000 1.0000 0.0000 4-4ndis.dat
3 16 3.856 -11.932 -6.000 6.997 -11.705 -6.000 5.210 -12.602 -6.000
3 16 9.840 -13.282 -6.000 11.126 -14.815 -6.000 6.108 -14.389 -6.000
3 16 6.108 -14.389 -6.000 7.895 -13.492 -6.000 9.840 -13.282 -6.000
3 16 9.840 -13.282 -6.000 7.895 -13.492 -6.000 6.997 -11.705 -6.000
3 16 3.856 -11.932 -6.000 5.210 -12.602 -6.000 6.108 -14.389 -6.000
3 16 6.108 -14.389 -6.000 1.910 -12.394 -6.000 3.856 -11.932 -6.000
3 16 7.933 -5.493 -6.000 3.394 -9.986 -6.000 1.448 -10.448 -6.000
3 16 1.448 -10.448 -6.000 2.546 -9.307 -6.000 7.933 -5.493 -6.000
3 16 9.429 -8.267 -6.000 6.997 -11.705 -6.000 3.856 -11.932 -6.000
3 16 3.856 -11.932 -6.000 7.825 -7.072 -6.000 9.429 -8.267 -6.000
3 16 9.429 -8.267 -6.000 11.372 -11.997 -6.000 9.840 -13.282 -6.000
3 16 9.840 -13.282 -6.000 6.997 -11.705 -6.000 9.429 -8.267 -6.000
3 16 9.429 -8.267 -6.000 13.928 -7.097 -6.000 11.372 -11.997 -6.000
3 16 13.928 -7.097 -6.000 18.045 -4.197 -6.000 12.658 -13.529 -6.000
3 16 12.658 -13.529 -6.000 11.372 -11.997 -6.000 13.928 -7.097 -6.000
3 16 3.394 -9.986 -6.000 7.933 -5.493 -6.000 7.825 -7.072 -6.000
3 16 7.825 -7.072 -6.000 3.856 -11.932 -6.000 3.394 -9.986 -6.000
1 16 11.2488 -13.4057 -6.0000 -0.6428 0.0000 -0.7660 0.7660 0.0000 -0.6428 0.0000 1.0000 0.0000 4-4edge.dat
0 BFC INVERTNEXT
1 16 11.2488 -13.4057 -6.0000 -0.6428 0.0000 -0.7660 0.7660 0.0000 -0.6428 0.0000 0.5000 0.0000 4-4con0.dat
1 16 11.2488 -13.4057 -6.0000 -0.6428 0.0000 -0.7660 0.7660 0.0000 -0.6428 0.0000 1.0000 0.0000 4-4ndis.dat
1 16 6.5525 -13.0470 -6.0000 -0.4488 0.0000 -0.8936 0.8936 0.0000 -0.4488 0.0000 1.0000 0.0000 4-4edge.dat
0 BFC INVERTNEXT
1 16 6.5525 -13.0470 -6.0000 -0.4488 0.0000 -0.8936 0.8936 0.0000 -0.4488 0.0000 0.5000 0.0000 4-4con0.dat
1 16 6.5525 -13.0470 -6.0000 -0.4488 0.0000 -0.8936 0.8936 0.0000 -0.4488 0.0000 1.0000 0.0000 4-4ndis.dat
1 16 2.6521 -11.1900 -6.0000 -0.2306 0.0000 -0.9730 0.9730 0.0000 -0.2306 0.0000 1.0000 0.0000 4-4edge.dat
0 BFC INVERTNEXT
1 16 2.6521 -11.1900 -6.0000 -0.2306 0.0000 -0.9730 0.9730 0.0000 -0.2306 0.0000 0.5000 0.0000 4-4con0.dat
1 16 2.6521 -11.1900 -6.0000 -0.2306 0.0000 -0.9730 0.9730 0.0000 -0.2306 0.0000 1.0000 0.0000 4-4ndis.dat
3 16 10.624 -6.662 -6.000 12.884 -4.468 -6.000 12.092 -6.305 -6.000
3 16 16.076 -3.850 -6.000 18.045 -4.197 -6.000 13.928 -7.097 -6.000
3 16 13.928 -7.097 -6.000 14.720 -5.261 -6.000 16.076 -3.850 -6.000
3 16 16.076 -3.850 -6.000 14.720 -5.261 -6.000 12.884 -4.468 -6.000
3 16 10.624 -6.662 -6.000 12.092 -6.305 -6.000 13.928 -7.097 -6.000
3 16 13.928 -7.097 -6.000 9.429 -8.267 -6.000 10.624 -6.662 -6.000
3 16 9.608 0.891 -6.000 9.019 -5.468 -6.000 7.825 -7.072 -6.000
3 16 7.825 -7.072 -6.000 7.933 -5.493 -6.000 9.608 0.891 -6.000
3 16 12.537 -0.271 -6.000 12.884 -4.468 -6.000 10.624 -6.662 -6.000
3 16 10.624 -6.662 -6.000 10.540 -0.388 -6.000 12.537 -0.271 -6.000
3 16 12.537 -0.271 -6.000 16.423 -1.880 -6.000 16.076 -3.850 -6.000
3 16 16.076 -3.850 -6.000 12.884 -4.468 -6.000 12.537 -0.271 -6.000
3 16 12.537 -0.271 -6.000 15.232 3.516 -6.000 16.423 -1.880 -6.000
3 16 15.232 3.516 -6.000 16.522 8.384 -6.000 18.393 -2.228 -6.000
3 16 18.393 -2.228 -6.000 16.423 -1.880 -6.000 15.232 3.516 -6.000
3 16 9.019 -5.468 -6.000 9.608 0.891 -6.000 10.540 -0.388 -6.000
3 16 10.540 -0.388 -6.000 10.624 -6.662 -6.000 9.019 -5.468 -6.000
1 16 17.2342 -3.0389 -6.0000 -0.9848 0.0000 -0.1737 0.1737 0.0000 -0.9848 0.0000 1.0000 0.0000 4-4edge.dat
0 BFC INVERTNEXT
1 16 17.2342 -3.0389 -6.0000 -0.9848 0.0000 -0.1737 0.1737 0.0000 -0.9848 0.0000 0.5000 0.0000 4-4con0.dat
1 16 17.2342 -3.0389 -6.0000 -0.9848 0.0000 -0.1737 0.1737 0.0000 -0.9848 0.0000 1.0000 0.0000 4-4ndis.dat
1 16 13.4060 -5.7828 -6.0000 -0.9182 0.0000 -0.3961 0.3961 0.0000 -0.9182 0.0000 1.0000 0.0000 4-4edge.dat
0 BFC INVERTNEXT
1 16 13.4060 -5.7828 -6.0000 -0.9182 0.0000 -0.3961 0.3961 0.0000 -0.9182 0.0000 0.5000 0.0000 4-4con0.dat
1 16 13.4060 -5.7828 -6.0000 -0.9182 0.0000 -0.3961 0.3961 0.0000 -0.9182 0.0000 1.0000 0.0000 4-4ndis.dat
1 16 9.2245 -6.8674 -6.0000 -0.8021 0.0000 -0.5972 0.5972 0.0000 -0.8021 0.0000 1.0000 0.0000 4-4edge.dat
0 BFC INVERTNEXT
1 16 9.2245 -6.8674 -6.0000 -0.8021 0.0000 -0.5972 0.5972 0.0000 -0.8021 0.0000 0.5000 0.0000 4-4con0.dat
1 16 9.2245 -6.8674 -6.0000 -0.8021 0.0000 -0.5972 0.5972 0.0000 -0.8021 0.0000 1.0000 0.0000 4-4ndis.dat
1 16 13.5100 -7.8000 -1.5000 5.9756 0.0000 -0.5000 -3.4500 0.0000 -0.8660 0.0000 8.0000 0.0000 box3u10p.dat
3 16 16.522 8.384 -6.000 15.522 10.116 -6.000 15.153 11.627 -6.000
3 16 15.153 11.627 -6.000 16.541 9.550 -6.000 16.522 8.384 -6.000
3 16 15.153 11.627 -6.000 15.522 10.116 -6.000 11.628 15.154 -6.000
3 16 11.628 15.154 -6.000 13.506 13.505 -6.000 15.153 11.627 -6.000
3 16 15.522 10.116 -6.000 7.267 17.042 -6.000 9.550 16.541 -6.000
3 16 9.550 16.541 -6.000 11.628 15.154 -6.000 15.522 10.116 -6.000
3 16 9.550 16.541 -6.000 7.267 17.042 -6.000 5.388 17.726 -6.000
3 16 5.388 17.726 -6.000 7.310 17.647 -6.000 9.550 16.541 -6.000
3 16 7.310 17.647 -6.000 5.388 17.726 -6.000 2.493 18.938 -6.000
3 16 2.493 18.938 -6.000 4.943 18.449 -6.000 7.310 17.647 -6.000
3 16 2.493 18.938 -6.000 5.388 17.726 -6.000 -5.388 17.726 -6.000
3 16 -5.388 17.726 -6.000 0.000 19.100 -6.000 2.493 18.938 -6.000
3 16 0.000 19.100 -6.000 -5.388 17.726 -6.000 -4.943 18.449 -6.000
3 16 -4.943 18.449 -6.000 -2.493 18.937 -6.000 0.000 19.100 -6.000
3 16 -5.388 17.726 -6.000 -7.267 17.042 -6.000 -7.309 17.645 -6.000
3 16 -7.309 17.645 -6.000 -4.943 18.449 -6.000 -5.388 17.726 -6.000
3 16 -7.309 17.645 -6.000 -7.267 17.042 -6.000 -11.627 15.153 -6.000
3 16 -11.627 15.153 -6.000 -9.550 16.541 -6.000 -7.309 17.645 -6.000
3 16 -7.267 17.042 -6.000 -15.522 10.116 -6.000 -13.505 13.506 -6.000
3 16 -13.505 13.506 -6.000 -11.627 15.153 -6.000 -7.267 17.042 -6.000
3 16 -13.505 13.506 -6.000 -15.522 10.116 -6.000 -16.541 9.550 -6.000
3 16 -16.541 9.550 -6.000 -15.154 11.628 -6.000 -13.505 13.506 -6.000
2 24 0.000 22.500 6.500 -1.000 22.434 6.500
2 24 -1.000 22.434 6.500 -1.000 22.434 -1.000
2 24 0.000 22.500 6.500 1.000 22.435 6.500
2 24 1.000 22.435 6.500 1.000 22.435 -1.000
2 24 1.000 11.729 -1.500 1.000 8.700 -1.500
2 24 -1.000 11.861 -1.500 -1.000 8.700 -1.500
2 24 -1.000 14.809 -1.000 -1.000 11.861 -1.500
2 24 1.000 14.678 -1.000 1.000 11.729 -1.500
2 24 -1.000 22.434 -1.000 -1.000 14.809 -1.000
2 24 1.000 22.435 -1.000 1.000 14.678 -1.000
3 16 12.421 1.725 -6.000 12.742 4.859 -6.000 13.316 2.943 -6.000
3 16 14.789 7.384 -6.000 16.522 8.384 -6.000 15.232 3.516 -6.000
3 16 15.232 3.516 -6.000 14.658 5.432 -6.000 14.789 7.384 -6.000
3 16 14.789 7.384 -6.000 14.658 5.432 -6.000 12.742 4.859 -6.000
3 16 12.421 1.725 -6.000 13.316 2.943 -6.000 15.232 3.516 -6.000
3 16 15.232 3.516 -6.000 12.537 -0.272 -6.000 12.421 1.725 -6.000
3 16 6.787 6.858 -6.000 10.424 1.609 -6.000 10.540 -0.388 -6.000
3 16 10.540 -0.388 -6.000 9.608 0.891 -6.000 6.787 6.858 -6.000
3 16 9.778 7.851 -6.000 12.742 4.859 -6.000 12.421 1.725 -6.000
3 16 12.421 1.725 -6.000 8.324 6.478 -6.000 9.778 7.851 -6.000
3 16 9.778 7.851 -6.000 13.789 9.116 -6.000 14.789 7.384 -6.000
3 16 14.789 7.384 -6.000 12.742 4.859 -6.000 9.778 7.851 -6.000
3 16 9.778 7.851 -6.000 9.408 12.484 -6.000 13.789 9.116 -6.000
3 16 9.408 12.484 -6.000 7.267 17.042 -6.000 15.522 10.116 -6.000
3 16 15.522 10.116 -6.000 13.789 9.116 -6.000 9.408 12.484 -6.000
3 16 10.424 1.609 -6.000 6.787 6.858 -6.000 8.324 6.478 -6.000
3 16 8.324 6.478 -6.000 12.421 1.725 -6.000 10.424 1.609 -6.000
1 16 15.1555 8.7500 -6.0000 -0.8660 0.0000 0.5000 -0.5000 0.0000 -0.8660 0.0000 1.0000 0.0000 4-4edge.dat
0 BFC INVERTNEXT
1 16 15.1555 8.7500 -6.0000 -0.8660 0.0000 0.5000 -0.5000 0.0000 -0.8660 0.0000 0.5000 0.0000 4-4con0.dat
1 16 15.1555 8.7500 -6.0000 -0.8660 0.0000 0.5000 -0.5000 0.0000 -0.8660 0.0000 1.0000 0.0000 4-4ndis.dat
1 16 13.9868 4.1873 -6.0000 -0.9580 0.0000 0.2868 -0.2868 0.0000 -0.9580 0.0000 1.0000 0.0000 4-4edge.dat
0 BFC INVERTNEXT
1 16 13.9868 4.1873 -6.0000 -0.9580 0.0000 0.2868 -0.2868 0.0000 -0.9580 0.0000 0.5000 0.0000 4-4con0.dat
1 16 13.9868 4.1873 -6.0000 -0.9580 0.0000 0.2868 -0.2868 0.0000 -0.9580 0.0000 1.0000 0.0000 4-4ndis.dat
1 16 11.4806 0.6686 -6.0000 -0.9983 0.0000 0.0581 -0.0581 0.0000 -0.9983 0.0000 1.0000 0.0000 4-4edge.dat
0 BFC INVERTNEXT
1 16 11.4806 0.6686 -6.0000 -0.9983 0.0000 0.0581 -0.0581 0.0000 -0.9983 0.0000 0.5000 0.0000 4-4con0.dat
1 16 11.4806 0.6686 -6.0000 -0.9983 0.0000 0.0581 -0.0581 0.0000 -0.9983 0.0000 1.0000 0.0000 4-4ndis.dat
3 16 8.406 9.305 -6.000 6.638 11.912 -6.000 8.309 10.813 -6.000
3 16 6.583 15.163 -6.000 7.267 17.042 -6.000 9.408 12.484 -6.000
3 16 9.408 12.484 -6.000 7.737 13.583 -6.000 6.583 15.163 -6.000
3 16 6.583 15.163 -6.000 7.737 13.583 -6.000 6.638 11.912 -6.000
3 16 8.406 9.305 -6.000 8.309 10.813 -6.000 9.408 12.484 -6.000
3 16 9.408 12.484 -6.000 9.778 7.851 -6.000 8.406 9.305 -6.000
3 16 0.791 9.617 -6.000 6.951 7.933 -6.000 8.324 6.478 -6.000
3 16 8.324 6.478 -6.000 6.787 6.858 -6.000 0.791 9.617 -6.000
3 16 2.444 12.299 -6.000 6.638 11.912 -6.000 8.406 9.305 -6.000
3 16 8.406 9.305 -6.000 2.212 10.313 -6.000 2.444 12.299 -6.000
3 16 2.444 12.299 -6.000 4.704 15.847 -6.000 6.583 15.163 -6.000
3 16 6.583 15.163 -6.000 6.638 11.912 -6.000 2.444 12.299 -6.000
3 16 2.444 12.299 -6.000 -0.818 15.611 -6.000 4.704 15.847 -6.000
3 16 -0.818 15.611 -6.000 -5.388 17.726 -6.000 5.388 17.726 -6.000
3 16 5.388 17.726 -6.000 4.704 15.847 -6.000 -0.818 15.611 -6.000
3 16 6.951 7.933 -6.000 0.791 9.617 -6.000 2.212 10.313 -6.000
3 16 2.212 10.313 -6.000 8.406 9.305 -6.000 6.951 7.933 -6.000
1 16 5.9853 16.4447 -6.0000 -0.3420 0.0000 0.9397 -0.9397 0.0000 -0.3420 0.0000 1.0000 0.0000 4-4edge.dat
0 BFC INVERTNEXT
1 16 5.9853 16.4447 -6.0000 -0.3420 0.0000 0.9397 -0.9397 0.0000 -0.3420 0.0000 0.5000 0.0000 4-4con0.dat
1 16 5.9853 16.4447 -6.0000 -0.3420 0.0000 0.9397 -0.9397 0.0000 -0.3420 0.0000 1.0000 0.0000 4-4ndis.dat
1 16 8.0228 12.1982 -6.0000 -0.5495 0.0000 0.8355 -0.8355 0.0000 -0.5495 0.0000 1.0000 0.0000 4-4edge.dat
0 BFC INVERTNEXT
1 16 8.0228 12.1982 -6.0000 -0.5495 0.0000 0.8355 -0.8355 0.0000 -0.5495 0.0000 0.5000 0.0000 4-4con0.dat
1 16 8.0228 12.1982 -6.0000 -0.5495 0.0000 0.8355 -0.8355 0.0000 -0.5495 0.0000 1.0000 0.0000 4-4ndis.dat
1 16 8.3648 7.8918 -6.0000 -0.7274 0.0000 0.6862 -0.6862 0.0000 -0.7274 0.0000 1.0000 0.0000 4-4edge.dat
0 BFC INVERTNEXT
1 16 8.3648 7.8918 -6.0000 -0.7274 0.0000 0.6862 -0.6862 0.0000 -0.7274 0.0000 0.5000 0.0000 4-4con0.dat
1 16 8.3648 7.8918 -6.0000 -0.7274 0.0000 0.6862 -0.6862 0.0000 -0.7274 0.0000 1.0000 0.0000 4-4ndis.dat
3 16 0.458 12.532 -6.000 -2.572 13.392 -6.000 -0.586 13.624 -6.000
3 16 -4.704 15.847 -6.000 -5.388 17.726 -6.000 -0.818 15.611 -6.000
3 16 -0.818 15.611 -6.000 -2.804 15.379 -6.000 -4.704 15.847 -6.000
3 16 -4.704 15.847 -6.000 -2.804 15.379 -6.000 -2.572 13.392 -6.000
3 16 0.458 12.532 -6.000 -0.586 13.624 -6.000 -0.818 15.611 -6.000
3 16 -0.818 15.611 -6.000 2.444 12.299 -6.000 0.458 12.532 -6.000
3 16 -5.575 7.875 -6.000 0.226 10.545 -6.000 2.212 10.313 -6.000
3 16 2.212 10.313 -6.000 0.791 9.617 -6.000 -5.575 7.875 -6.000
3 16 -6.033 10.993 -6.000 -2.572 13.392 -6.000 0.458 12.532 -6.000
3 16 0.458 12.532 -6.000 -4.934 9.322 -6.000 -6.033 10.993 -6.000
3 16 -6.033 10.993 -6.000 -6.583 15.163 -6.000 -4.704 15.847 -6.000
3 16 -4.704 15.847 -6.000 -2.572 13.392 -6.000 -6.033 10.993 -6.000
3 16 -6.033 10.993 -6.000 -10.661 11.433 -6.000 -6.583 15.163 -6.000
3 16 -10.661 11.433 -6.000 -15.522 10.116 -6.000 -7.267 17.042 -6.000
3 16 -7.267 17.042 -6.000 -6.583 15.163 -6.000 -10.661 11.433 -6.000
3 16 0.226 10.545 -6.000 -5.575 7.875 -6.000 -4.934 9.322 -6.000
3 16 -4.934 9.322 -6.000 0.458 12.532 -6.000 0.226 10.545 -6.000
1 16 -5.9853 16.4448 -6.0000 0.3420 0.0000 0.9397 -0.9397 0.0000 0.3420 0.0000 1.0000 0.0000 4-4edge.dat
0 BFC INVERTNEXT
1 16 -5.9853 16.4448 -6.0000 0.3420 0.0000 0.9397 -0.9397 0.0000 0.3420 0.0000 0.5000 0.0000 4-4con0.dat
1 16 -5.9853 16.4448 -6.0000 0.3420 0.0000 0.9397 -0.9397 0.0000 0.3420 0.0000 1.0000 0.0000 4-4ndis.dat
1 16 -1.6949 14.5014 -6.0000 0.1161 0.0000 0.9933 -0.9933 0.0000 0.1161 0.0000 1.0000 0.0000 4-4edge.dat
0 BFC INVERTNEXT
1 16 -1.6949 14.5014 -6.0000 0.1161 0.0000 0.9933 -0.9933 0.0000 0.1161 0.0000 0.5000 0.0000 4-4con0.dat
1 16 -1.6949 14.5014 -6.0000 0.1161 0.0000 0.9933 -0.9933 0.0000 0.1161 0.0000 1.0000 0.0000 4-4ndis.dat
1 16 1.3351 11.4223 -6.0000 -0.1161 0.0000 0.9932 -0.9932 0.0000 -0.1161 0.0000 1.0000 0.0000 4-4edge.dat
0 BFC INVERTNEXT
1 16 1.3351 11.4223 -6.0000 -0.1161 0.0000 0.9932 -0.9932 0.0000 -0.1161 0.0000 0.5000 0.0000 4-4con0.dat
1 16 1.3351 11.4223 -6.0000 -0.1161 0.0000 0.9932 -0.9932 0.0000 -0.1161 0.0000 1.0000 0.0000 4-4ndis.dat
1 16 0.0000 15.6001 -1.5000 0.0000 0.0000 1.0000 6.9000 0.0000 0.0000 0.0000 8.0000 0.0000 box3u10p.dat
3 16 -15.522 10.116 -6.000 -16.522 8.384 -6.000 -17.645 7.309 -6.000
3 16 -17.645 7.309 -6.000 -16.541 9.550 -6.000 -15.522 10.116 -6.000
3 16 -17.645 7.309 -6.000 -16.522 8.384 -6.000 -18.937 2.493 -6.000
3 16 -18.937 2.493 -6.000 -18.449 4.943 -6.000 -17.645 7.309 -6.000
3 16 -16.522 8.384 -6.000 -18.393 -2.228 -6.000 -19.100 0.000 -6.000
3 16 -19.100 0.000 -6.000 -18.937 2.493 -6.000 -16.522 8.384 -6.000
3 16 -19.100 0.000 -6.000 -18.393 -2.228 -6.000 -18.045 -4.197 -6.000
3 16 -18.045 -4.197 -6.000 -18.938 -2.493 -6.000 -19.100 0.000 -6.000
3 16 -18.938 -2.493 -6.000 -18.045 -4.197 -6.000 -17.647 -7.310 -6.000
3 16 -17.647 -7.310 -6.000 -18.449 -4.943 -6.000 -18.938 -2.493 -6.000
3 16 -17.647 -7.310 -6.000 -18.045 -4.197 -6.000 -12.658 -13.529 -6.000
3 16 -12.658 -13.529 -6.000 -16.541 -9.550 -6.000 -17.647 -7.310 -6.000
3 16 -16.541 -9.550 -6.000 -12.658 -13.529 -6.000 -13.505 -13.506 -6.000
3 16 -13.505 -13.506 -6.000 -15.154 -11.628 -6.000 -16.541 -9.550 -6.000
3 16 -12.658 -13.529 -6.000 -11.126 -14.815 -6.000 -11.627 -15.153 -6.000
3 16 -11.627 -15.153 -6.000 -13.505 -13.506 -6.000 -12.658 -13.529 -6.000
3 16 -11.627 -15.153 -6.000 -11.126 -14.815 -6.000 -7.309 -17.645 -6.000
3 16 -7.309 -17.645 -6.000 -9.550 -16.541 -6.000 -11.627 -15.153 -6.000
3 16 -11.126 -14.815 -6.000 -1.000 -18.500 -6.000 -4.943 -18.449 -6.000
3 16 -4.943 -18.449 -6.000 -7.309 -17.645 -6.000 -11.126 -14.815 -6.000
3 16 -4.943 -18.449 -6.000 -1.000 -18.500 -6.000 0.000 -19.100 -6.000
3 16 0.000 -19.100 -6.000 -2.493 -18.937 -6.000 -4.943 -18.449 -6.000
2 24 -19.485 -11.250 6.500 -18.929 -12.083 6.500
2 24 -18.929 -12.083 6.500 -18.929 -12.083 -1.000
2 24 -19.485 -11.250 6.500 -19.929 -10.351 6.500
2 24 -19.929 -10.351 6.500 -19.929 -10.351 -1.000
2 24 -10.658 -4.999 -1.500 -8.034 -3.484 -1.500
2 24 -9.771 -6.796 -1.500 -7.034 -5.216 -1.500
2 24 -12.325 -8.271 -1.000 -9.771 -6.796 -1.500
2 24 -13.212 -6.473 -1.000 -10.658 -4.999 -1.500
2 24 -18.929 -12.083 -1.000 -12.325 -8.271 -1.000
2 24 -19.929 -10.351 -1.000 -13.212 -6.473 -1.000
3 16 -7.704 9.894 -6.000 -10.579 8.605 -6.000 -9.206 10.060 -6.000
3 16 -13.789 9.116 -6.000 -15.522 10.116 -6.000 -10.661 11.433 -6.000
3 16 -10.661 11.433 -6.000 -12.033 9.978 -6.000 -13.789 9.116 -6.000
3 16 -13.789 9.116 -6.000 -12.033 9.978 -6.000 -10.579 8.605 -6.000
3 16 -7.704 9.894 -6.000 -9.206 10.060 -6.000 -10.661 11.433 -6.000
3 16 -10.661 11.433 -6.000 -6.033 10.993 -6.000 -7.704 9.894 -6.000
3 16 -9.333 2.449 -6.000 -6.605 8.223 -6.000 -4.934 9.322 -6.000
3 16 -4.934 9.322 -6.000 -5.575 7.875 -6.000 -9.333 2.449 -6.000
3 16 -11.688 4.543 -6.000 -10.579 8.605 -6.000 -7.704 9.894 -6.000
3 16 -7.704 9.894 -6.000 -9.772 3.969 -6.000 -11.688 4.543 -6.000
3 16 -11.688 4.543 -6.000 -14.789 7.384 -6.000 -13.789 9.116 -6.000
3 16 -13.789 9.116 -6.000 -10.579 8.605 -6.000 -11.688 4.543 -6.000
3 16 -11.688 4.543 -6.000 -15.516 1.905 -6.000 -14.789 7.384 -6.000
3 16 -15.516 1.905 -6.000 -18.393 -2.228 -6.000 -16.522 8.384 -6.000
3 16 -16.522 8.384 -6.000 -14.789 7.384 -6.000 -15.516 1.905 -6.000
3 16 -6.605 8.223 -6.000 -9.333 2.449 -6.000 -9.772 3.969 -6.000
3 16 -9.772 3.969 -6.000 -7.704 9.894 -6.000 -6.605 8.223 -6.000
1 16 -15.1555 8.7500 -6.0000 0.8660 0.0000 0.5000 -0.5000 0.0000 0.8660 0.0000 1.0000 0.0000 4-4edge.dat
0 BFC INVERTNEXT
1 16 -15.1555 8.7500 -6.0000 0.8660 0.0000 0.5000 -0.5000 0.0000 0.8660 0.0000 0.5000 0.0000 4-4con0.dat
1 16 -15.1555 8.7500 -6.0000 0.8660 0.0000 0.5000 -0.5000 0.0000 0.8660 0.0000 1.0000 0.0000 4-4ndis.dat
1 16 -10.6198 10.0192 -6.0000 0.7274 0.0000 0.6862 -0.6862 0.0000 0.7274 0.0000 1.0000 0.0000 4-4edge.dat
0 BFC INVERTNEXT
1 16 -10.6198 10.0192 -6.0000 0.7274 0.0000 0.6862 -0.6862 0.0000 0.7274 0.0000 0.5000 0.0000 4-4con0.dat
1 16 -10.6198 10.0192 -6.0000 0.7274 0.0000 0.6862 -0.6862 0.0000 0.7274 0.0000 1.0000 0.0000 4-4ndis.dat
1 16 -6.3194 9.6082 -6.0000 0.5495 0.0000 0.8355 -0.8355 0.0000 0.5495 0.0000 1.0000 0.0000 4-4edge.dat
0 BFC INVERTNEXT
1 16 -6.3194 9.6082 -6.0000 0.5495 0.0000 0.8355 -0.8355 0.0000 0.5495 0.0000 0.5000 0.0000 4-4con0.dat
1 16 -6.3194 9.6082 -6.0000 0.5495 0.0000 0.8355 -0.8355 0.0000 0.5495 0.0000 1.0000 0.0000 4-4ndis.dat
3 16 -12.262 2.627 -6.000 -13.635 -0.208 -6.000 -13.519 1.789 -6.000
3 16 -16.423 -1.881 -6.000 -18.393 -2.228 -6.000 -15.516 1.905 -6.000
3 16 -15.516 1.905 -6.000 -15.632 -0.091 -6.000 -16.423 -1.881 -6.000
3 16 -16.423 -1.881 -6.000 -15.632 -0.091 -6.000 -13.635 -0.208 -6.000
3 16 -12.262 2.627 -6.000 -13.519 1.789 -6.000 -15.516 1.905 -6.000
3 16 -15.516 1.905 -6.000 -11.688 4.543 -6.000 -12.262 2.627 -6.000
3 16 -8.724 -4.123 -6.000 -10.346 2.053 -6.000 -9.772 3.969 -6.000
3 16 -9.772 3.969 -6.000 -9.333 2.449 -6.000 -8.724 -4.123 -6.000
3 16 -11.874 -4.033 -6.000 -13.635 -0.208 -6.000 -12.262 2.627 -6.000
3 16 -12.262 2.627 -6.000 -10.037 -3.241 -6.000 -11.874 -4.033 -6.000
3 16 -11.874 -4.033 -6.000 -16.076 -3.850 -6.000 -16.423 -1.881 -6.000
3 16 -16.423 -1.881 -6.000 -13.635 -0.208 -6.000 -11.874 -4.033 -6.000
3 16 -11.874 -4.033 -6.000 -13.110 -8.514 -6.000 -16.076 -3.850 -6.000
3 16 -13.110 -8.514 -6.000 -12.658 -13.529 -6.000 -18.045 -4.197 -6.000
3 16 -18.045 -4.197 -6.000 -16.076 -3.850 -6.000 -13.110 -8.514 -6.000
3 16 -10.346 2.053 -6.000 -8.724 -4.123 -6.000 -10.037 -3.241 -6.000
3 16 -10.037 -3.241 -6.000 -12.262 2.627 -6.000 -10.346 2.053 -6.000
1 16 -17.2342 -3.0390 -6.0000 0.9848 0.0000 -0.1737 0.1737 0.0000 0.9848 0.0000 1.0000 0.0000 4-4edge.dat
0 BFC INVERTNEXT
1 16 -17.2342 -3.0390 -6.0000 0.9848 0.0000 -0.1737 0.1737 0.0000 0.9848 0.0000 0.5000 0.0000 4-4con0.dat
1 16 -17.2342 -3.0390 -6.0000 0.9848 0.0000 -0.1737 0.1737 0.0000 0.9848 0.0000 1.0000 0.0000 4-4ndis.dat
1 16 -14.5754 0.8488 -6.0000 0.9983 0.0000 0.0581 -0.0581 0.0000 0.9983 0.0000 1.0000 0.0000 4-4edge.dat
0 BFC INVERTNEXT
1 16 -14.5754 0.8488 -6.0000 0.9983 0.0000 0.0581 -0.0581 0.0000 0.9983 0.0000 0.5000 0.0000 4-4con0.dat
1 16 -14.5754 0.8488 -6.0000 0.9983 0.0000 0.0581 -0.0581 0.0000 0.9983 0.0000 1.0000 0.0000 4-4ndis.dat
1 16 -11.0170 3.2982 -6.0000 0.9580 0.0000 0.2868 -0.2868 0.0000 0.9580 0.0000 1.0000 0.0000 4-4edge.dat
0 BFC INVERTNEXT
1 16 -11.0170 3.2982 -6.0000 0.9580 0.0000 0.2868 -0.2868 0.0000 0.9580 0.0000 0.5000 0.0000 4-4con0.dat
1 16 -11.0170 3.2982 -6.0000 0.9580 0.0000 0.2868 -0.2868 0.0000 0.9580 0.0000 1.0000 0.0000 4-4ndis.dat
3 16 -11.082 -5.869 -6.000 -10.312 -8.924 -6.000 -11.506 -7.319 -6.000
3 16 -11.372 -11.997 -6.000 -12.658 -13.529 -6.000 -13.110 -8.514 -6.000
3 16 -13.110 -8.514 -6.000 -11.916 -10.118 -6.000 -11.372 -11.997 -6.000
3 16 -11.372 -11.997 -6.000 -11.916 -10.118 -6.000 -10.312 -8.924 -6.000
3 16 -11.082 -5.869 -6.000 -11.506 -7.319 -6.000 -13.110 -8.514 -6.000
3 16 -13.110 -8.514 -6.000 -11.874 -4.033 -6.000 -11.082 -5.869 -6.000
3 16 -4.032 -8.766 -6.000 -9.245 -5.077 -6.000 -10.037 -3.241 -6.000
3 16 -10.037 -3.241 -6.000 -8.724 -4.123 -6.000 -4.032 -8.766 -6.000
3 16 -6.504 -10.722 -6.000 -10.312 -8.924 -6.000 -11.082 -5.869 -6.000
3 16 -11.082 -5.869 -6.000 -5.606 -8.934 -6.000 -6.504 -10.722 -6.000
3 16 -6.504 -10.722 -6.000 -9.840 -13.283 -6.000 -11.372 -11.997 -6.000
3 16 -11.372 -11.997 -6.000 -10.312 -8.924 -6.000 -6.504 -10.722 -6.000
3 16 -6.504 -10.722 -6.000 -4.571 -14.949 -6.000 -9.840 -13.283 -6.000
3 16 -4.571 -14.949 -6.000 -1.000 -18.500 -6.000 -11.126 -14.815 -6.000
3 16 -11.126 -14.815 -6.000 -9.840 -13.283 -6.000 -4.571 -14.949 -6.000
3 16 -9.245 -5.077 -6.000 -4.032 -8.766 -6.000 -5.606 -8.934 -6.000
3 16 -5.606 -8.934 -6.000 -11.082 -5.869 -6.000 -9.245 -5.077 -6.000
1 16 -11.2488 -13.4059 -6.0000 0.6428 0.0000 -0.7661 0.7661 0.0000 0.6428 0.0000 1.0000 0.0000 4-4edge.dat
0 BFC INVERTNEXT
1 16 -11.2488 -13.4059 -6.0000 0.6428 0.0000 -0.7661 0.7661 0.0000 0.6428 0.0000 0.5000 0.0000 4-4con0.dat
1 16 -11.2488 -13.4059 -6.0000 0.6428 0.0000 -0.7661 0.7661 0.0000 0.6428 0.0000 1.0000 0.0000 4-4ndis.dat
1 16 -11.7111 -8.7186 -6.0000 0.8021 0.0000 -0.5972 0.5972 0.0000 0.8021 0.0000 1.0000 0.0000 4-4edge.dat
0 BFC INVERTNEXT
1 16 -11.7111 -8.7186 -6.0000 0.8021 0.0000 -0.5972 0.5972 0.0000 0.8021 0.0000 0.5000 0.0000 4-4con0.dat
1 16 -11.7111 -8.7186 -6.0000 0.8021 0.0000 -0.5972 0.5972 0.0000 0.8021 0.0000 1.0000 0.0000 4-4ndis.dat
1 16 -10.5596 -4.5550 -6.0000 0.9182 0.0000 -0.3961 0.3961 0.0000 0.9182 0.0000 1.0000 0.0000 4-4edge.dat
0 BFC INVERTNEXT
1 16 -10.5596 -4.5550 -6.0000 0.9182 0.0000 -0.3961 0.3961 0.0000 0.9182 0.0000 0.5000 0.0000 4-4con0.dat
1 16 -10.5596 -4.5550 -6.0000 0.9182 0.0000 -0.3961 0.3961 0.0000 0.9182 0.0000 1.0000 0.0000 4-4ndis.dat
1 16 -13.5100 -7.8001 -1.5000 -5.9756 0.0000 -0.5000 -3.4500 0.0000 0.8660 0.0000 8.0000 0.0000 box3u10p.dat
0 BFC INVERTNEXT
1 16 0.0000 0.0000 -9.0000 1.5000 0.0000 0.0000 0.0000 0.0000 1.5000 0.0000 0.5000 0.0000 1-4con14.dat
0 BFC INVERTNEXT
1 16 0.0000 0.0000 -9.0000 -1.5000 0.0000 0.0000 0.0000 0.0000 1.5000 0.0000 0.5000 0.0000 1-4con14.dat
0 BFC INVERTNEXT
1 16 0.0000 0.0000 -9.0000 -1.5000 0.0000 0.0000 0.0000 0.0000 -1.5000 0.0000 0.5000 0.0000 1-4con14.dat
0 BFC INVERTNEXT
1 16 0.0000 0.0000 -9.0000 1.5000 0.0000 0.0000 0.0000 0.0000 -1.5000 0.0000 0.5000 0.0000 1-4con14.dat
0 BFC INVERTNEXT
1 16 0.0000 0.0000 -5.0000 21.0000 0.0000 0.0000 0.0000 0.0000 21.0000 0.0000 -3.5000 0.0000 4-4cylo.dat
1 16 0.0000 0.0000 -5.0000 1.9100 0.0000 0.0000 0.0000 0.0000 1.9100 0.0000 1.0000 0.0000 4-4rin10.dat
1 16 0.0000 0.0000 -5.0000 19.1000 0.0000 0.0000 0.0000 0.0000 19.1000 0.0000 -1.0000 0.0000 4-4cylo.dat
0 BFC INVERTNEXT
1 16 0.0000 0.0000 -14.0000 22.5000 0.0000 0.0000 0.0000 0.0000 22.5000 0.0000 5.0000 0.0000 4-4cylo.dat
1 16 0.0000 0.0000 -14.0000 -1.5000 0.0000 0.0000 0.0000 0.0000 1.5000 0.0000 1.0000 0.0000 4-4rin15.dat
1 16 0.0000 0.0000 -14.0000 -1.0000 0.0000 0.0000 0.0000 0.0000 1.0000 0.0000 1.0000 0.0000 4-4rin24.dat
3 256 -6.470 -24.148 14.000 0.000 -25.000 14.000 -5.069 -24.148 14.000
3 256 -5.069 -24.148 14.000 0.000 -25.000 14.000 5.069 -24.148 14.000
3 256 5.069 -24.148 14.000 0.000 -25.000 14.000 6.470 -24.148 14.000
3 256 -5.069 -24.148 14.000 5.069 -24.148 14.000 4.168 -23.831 14.000
3 256 4.168 -23.831 14.000 -4.168 -23.831 14.000 -5.069 -24.148 14.000
3 256 4.168 -23.831 14.000 3.467 -23.314 14.000 -3.467 -23.314 14.000
3 256 -3.467 -23.314 14.000 -4.168 -23.831 14.000 4.168 -23.831 14.000
3 256 -3.467 -23.314 14.000 3.467 -23.314 14.000 2.464 -21.480 14.000
3 256 2.464 -21.480 14.000 -2.464 -21.480 14.000 -3.467 -23.314 14.000
3 256 -2.464 -21.480 14.000 2.464 -21.480 14.000 0.000 -19.833 14.000
1 256 0.0000 0.0000 -14.0000 2.0000 0.0000 0.0000 0.0000 0.0000 -2.0000 0.0000 1.0000 0.0000 4-4rin13.dat
1 256 0.0000 0.0000 -14.0000 1.0000 0.0000 0.0000 0.0000 0.0000 -1.0000 0.0000 1.0000 0.0000 4-4rin25.dat
1 256 0.0000 0.0000 14.0000 2.0000 0.0000 0.0000 0.0000 0.0000 2.0000 0.0000 -1.0000 0.0000 4-4rin13.dat
1 256 0.0000 0.0000 14.0000 1.0000 0.0000 0.0000 0.0000 0.0000 1.0000 0.0000 -1.0000 0.0000 4-4rin25.dat
3 256 28.123 -1.843 -14.000 28.003 -3.686 -14.000 27.759 -3.654 -14.000
3 256 29.322 -1.922 -9.000 29.476 -3.880 -7.000 28.774 -3.788 -12.000
3 256 28.617 -1.876 -14.000 29.322 -1.922 -9.000 28.774 -3.788 -12.000
3 256 28.774 -3.788 -12.000 28.494 -3.751 -14.000 28.617 -1.876 -14.000
3 256 29.476 -3.880 -7.000 29.322 -1.922 -9.000 29.448 0.000 -9.000
3 256 29.448 0.000 -9.000 29.731 0.000 -7.000 29.476 -3.880 -7.000
3 256 28.828 -1.890 -9.000 28.123 -1.843 -14.000 28.245 0.000 -14.000
3 256 28.245 0.000 -14.000 28.953 0.000 -9.000 28.828 -1.890 -9.000
3 256 28.494 -3.751 -14.000 28.003 -3.686 -14.000 28.123 -1.843 -14.000
3 256 28.123 -1.843 -14.000 28.617 -1.876 -14.000 28.494 -3.751 -14.000
3 256 29.448 0.000 -9.000 29.322 -1.922 -9.000 28.828 -1.890 -9.000
3 256 28.828 -1.890 -9.000 28.953 0.000 -9.000 29.448 0.000 -9.000
3 256 28.123 -1.843 -14.000 27.759 -3.654 -14.000 28.000 0.000 -14.000
3 256 28.000 0.000 -14.000 28.245 0.000 -14.000 28.123 -1.843 -14.000
3 256 29.476 -3.880 -7.000 28.718 -7.695 -7.000 28.445 -7.622 -9.000
3 256 27.642 -5.498 -14.000 27.282 -7.310 -14.000 27.046 -7.247 -14.000
3 256 28.404 -5.650 -12.000 28.445 -7.622 -9.000 27.761 -7.439 -14.000
3 256 27.761 -7.439 -14.000 28.127 -5.595 -14.000 28.404 -5.650 -12.000
3 256 29.476 -3.880 -7.000 28.445 -7.622 -9.000 28.404 -5.650 -12.000
3 256 28.404 -5.650 -12.000 28.774 -3.788 -12.000 29.476 -3.880 -7.000
3 256 27.642 -5.498 -14.000 28.127 -5.595 -14.000 27.761 -7.439 -14.000
3 256 27.761 -7.439 -14.000 27.282 -7.310 -14.000 27.642 -5.498 -14.000
3 256 27.642 -5.498 -14.000 27.046 -7.247 -14.000 27.759 -3.654 -14.000
3 256 27.759 -3.654 -14.000 28.003 -3.686 -14.000 27.642 -5.498 -14.000
3 256 28.283 -3.724 -12.000 28.774 -3.788 -12.000 28.404 -5.650 -12.000
3 256 28.404 -5.650 -12.000 27.919 -5.553 -12.000 28.283 -3.724 -12.000
3 256 27.759 -3.654 14.000 28.003 -3.686 14.000 28.123 -1.843 14.000
3 256 28.774 -3.788 12.000 29.476 -3.880 7.000 29.322 -1.922 9.000
3 256 28.774 -3.788 12.000 29.322 -1.922 9.000 28.617 -1.876 14.000
3 256 28.617 -1.876 14.000 28.494 -3.751 14.000 28.774 -3.788 12.000
3 256 29.322 -1.922 9.000 29.476 -3.880 7.000 29.731 0.000 7.000
3 256 29.731 0.000 7.000 29.448 0.000 9.000 29.322 -1.922 9.000
3 256 28.123 -1.843 14.000 28.828 -1.890 9.000 28.953 0.000 9.000
3 256 28.953 0.000 9.000 28.245 0.000 14.000 28.123 -1.843 14.000
3 256 28.003 -3.686 14.000 28.494 -3.751 14.000 28.617 -1.876 14.000
3 256 28.617 -1.876 14.000 28.123 -1.843 14.000 28.003 -3.686 14.000
3 256 29.322 -1.922 9.000 29.448 0.000 9.000 28.953 0.000 9.000
3 256 28.953 0.000 9.000 28.828 -1.890 9.000 29.322 -1.922 9.000
3 256 27.759 -3.654 14.000 28.123 -1.843 14.000 28.245 0.000 14.000
3 256 28.245 0.000 14.000 28.000 0.000 14.000 27.759 -3.654 14.000
3 256 28.445 -7.622 9.000 28.718 -7.695 7.000 29.476 -3.880 7.000
3 256 27.046 -7.247 14.000 27.282 -7.310 14.000 27.642 -5.498 14.000
3 256 28.404 -5.650 12.000 28.445 -7.622 9.000 29.476 -3.880 7.000
3 256 29.476 -3.880 7.000 28.774 -3.788 12.000 28.404 -5.650 12.000
3 256 28.404 -5.650 12.000 28.127 -5.595 14.000 27.761 -7.439 14.000
3 256 27.761 -7.439 14.000 28.445 -7.622 9.000 28.404 -5.650 12.000
3 256 28.127 -5.595 14.000 27.642 -5.498 14.000 27.282 -7.310 14.000
3 256 27.282 -7.310 14.000 27.761 -7.439 14.000 28.127 -5.595 14.000
3 256 27.046 -7.247 14.000 27.642 -5.498 14.000 28.003 -3.686 14.000
3 256 28.003 -3.686 14.000 27.759 -3.654 14.000 27.046 -7.247 14.000
3 256 28.774 -3.788 12.000 28.283 -3.724 12.000 27.919 -5.553 12.000
3 256 27.919 -5.553 12.000 28.404 -5.650 12.000 28.774 -3.788 12.000
3 256 29.742 -3.915 -2.333 29.476 -3.880 -7.000 29.731 0.000 -7.000
3 256 29.731 0.000 -7.000 30.000 0.000 -2.333 29.742 -3.915 -2.333
3 256 29.742 -3.915 2.333 29.742 -3.915 -2.333 30.000 0.000 -2.333
3 256 30.000 0.000 -2.333 30.000 0.000 2.333 29.742 -3.915 2.333
3 256 29.731 0.000 7.000 29.476 -3.880 7.000 29.742 -3.915 2.333
3 256 29.742 -3.915 2.333 30.000 0.000 2.333 29.731 0.000 7.000
3 256 29.742 -3.915 -2.333 29.742 -3.915 2.333 28.978 -7.765 2.333
3 256 28.978 -7.765 2.333 28.978 -7.765 -2.333 29.742 -3.915 -2.333
3 256 28.718 -7.695 7.000 28.978 -7.765 2.333 29.742 -3.915 2.333
3 256 29.742 -3.915 2.333 29.476 -3.880 7.000 28.718 -7.695 7.000
3 256 28.978 -7.765 -2.333 28.718 -7.695 -7.000 29.476 -3.880 -7.000
3 256 29.476 -3.880 -7.000 29.742 -3.915 -2.333 28.978 -7.765 -2.333
2 24 28.494 -3.751 -14.000 28.617 -1.876 -14.000
2 24 29.322 -1.922 -9.000 29.448 0.000 -9.000
2 24 28.953 0.000 -9.000 28.828 -1.890 -9.000
2 24 28.123 -1.843 -14.000 28.245 0.000 -14.000
2 24 27.761 -7.439 -14.000 28.127 -5.595 -14.000
2 24 28.404 -5.650 -12.000 28.774 -3.788 -12.000
2 24 28.494 -3.751 14.000 28.617 -1.876 14.000
2 24 29.322 -1.922 9.000 29.448 0.000 9.000
2 24 28.953 0.000 9.000 28.828 -1.890 9.000
2 24 28.123 -1.843 14.000 28.245 0.000 14.000
2 24 27.761 -7.439 14.000 28.127 -5.595 14.000
2 24 28.404 -5.650 12.000 28.774 -3.788 12.000
1 256 28.7224 -1.8826 -11.5000 -0.3517 0.0001 -0.2418 0.0231 -1.0001 0.0203 -2.4952 0.0008 0.0040 rect.dat
1 256 28.8465 0.0000 -11.5000 0.2500 0.0000 0.3500 0.0000 1.0000 0.0000 0.0000 0.0000 2.5000 rect.dat
1 256 27.9615 -4.6154 -13.0000 0.1797 -1.0002 0.1373 0.9023 -0.0048 -0.0273 0.0000 0.0000 1.0000 rect.dat
1 256 28.0227 -5.5741 -13.0000 0.1386 0.0004 0.2417 -0.0276 -1.0004 -0.0508 1.0001 0.0027 -0.0046 rect3.dat
1 256 28.3885 -3.7373 -13.0000 -0.1403 -0.0002 0.2418 0.0187 1.0002 -0.0305 -1.0000 -0.0015 -0.0042 rect3.dat
1 256 28.7224 -1.8826 11.5000 -0.3517 0.0001 0.2418 0.0231 -1.0001 -0.0203 2.4952 -0.0008 0.0040 rect.dat
1 256 28.8465 0.0000 11.5000 0.2500 0.0000 -0.3500 0.0000 1.0000 0.0000 0.0000 0.0000 2.5000 rect.dat
1 256 27.9615 -4.6154 13.0000 0.1816 -1.0002 -0.1373 0.9121 -0.0048 0.0273 0.0000 0.0000 1.0000 rect.dat
1 256 28.0227 -5.5741 13.0000 -0.1386 0.0004 0.2417 0.0276 -1.0004 -0.0508 1.0001 -0.0027 0.0046 rect3.dat
1 256 28.3885 -3.7373 13.0000 0.1403 -0.0002 0.2418 -0.0187 1.0002 -0.0305 -1.0000 0.0015 0.0042 rect3.dat
3 256 26.688 -9.059 -14.000 26.094 -10.808 -14.000 25.868 -10.714 -14.000
3 256 27.825 -9.445 -9.000 27.467 -11.377 -7.000 26.814 -11.107 -12.000
3 256 27.156 -9.218 -14.000 27.825 -9.445 -9.000 26.814 -11.107 -12.000
3 256 26.814 -11.107 -12.000 26.552 -10.998 -14.000 27.156 -9.218 -14.000
3 256 27.467 -11.377 -7.000 27.825 -9.445 -9.000 28.445 -7.622 -9.000
3 256 28.445 -7.622 -9.000 28.718 -7.695 -7.000 27.467 -11.377 -7.000
3 256 27.357 -9.286 -9.000 26.688 -9.059 -14.000 27.283 -7.310 -14.000
3 256 27.283 -7.310 -14.000 27.966 -7.494 -9.000 27.357 -9.286 -9.000
3 256 26.552 -10.998 -14.000 26.094 -10.808 -14.000 26.688 -9.059 -14.000
3 256 26.688 -9.059 -14.000 27.156 -9.218 -14.000 26.552 -10.998 -14.000
3 256 28.445 -7.622 -9.000 27.825 -9.445 -9.000 27.357 -9.286 -9.000
